 process id | arrival time | service time
 1 - 1000   | in seconds   | in seconds
------------------------------------------
 1          | 0.2214179188 | 1.8487658501
 2          | 0.5001825094 | 1.7106548548
 3          | 1.4274656773 | 1.2441620827
 4          | 1.5770841837 | 1.7389695644
 5          | 2.4880394936 | 1.7540705204
 6          | 2.6946990490 | 0.0476217046
 7          | 3.2726538181 | 1.6456443071
 8          | 3.4269351959 | 0.1229994446
 9          | 3.8665707111 | 1.6494271755
 10         | 4.6266388893 | 1.2950314283
 11         | 5.5592689514 | 0.3971031606
 12         | 6.4902305603 | 1.9583852291
 13         | 7.1855998039 | 0.6571857929
 14         | 8.1328067780 | 1.6628578901
 15         | 8.5649662018 | 1.6279857159
 16         | 8.6251735687 | 1.3071556091
 17         | 9.3635492325 | 0.6779435873
 18         | 9.8724546432 | 1.3313177824
 19         | 10.8335075378 | 1.3170474768
 20         | 11.3686513901 | 1.7440165281
 21         | 11.9042100906 | 1.4836065769
 22         | 12.8000288010 | 0.2270274311
 23         | 13.3646545410 | 0.1002007946
 24         | 13.5396680832 | 0.0085219406
 25         | 14.4144821167 | 1.8701632023
 26         | 15.0662584305 | 1.6148885489
 27         | 15.1998920441 | 1.1654763222
 28         | 15.9865293503 | 1.6580049992
 29         | 16.8978595734 | 1.4676872492
 30         | 17.5582904816 | 0.6869819164
 31         | 18.1061267853 | 1.4412772655
 32         | 19.1031951904 | 0.5724245906
 33         | 19.1628055573 | 1.0119481087
 34         | 20.1146774292 | 0.0413264781
 35         | 20.2791748047 | 0.9740297794
 36         | 21.1718463898 | 1.4001134634
 37         | 21.4006652832 | 1.5769811869
 38         | 22.2142353058 | 1.5868872404
 39         | 23.0528259277 | 1.9771677256
 40         | 23.8505306244 | 1.4268100262
 41         | 24.7741966248 | 0.8989625573
 42         | 25.2950458527 | 0.1145974249
 43         | 25.3272647858 | 0.6149722338
 44         | 26.2135658264 | 1.8871010542
 45         | 26.2548961639 | 1.0934653282
 46         | 26.5419368744 | 1.1783324480
 47         | 26.8093090057 | 0.5682204962
 48         | 27.6846866608 | 0.6539635062
 49         | 28.4747714996 | 1.6544994116
 50         | 28.8224163055 | 1.9091640711
 51         | 29.1366806030 | 0.4806329608
 52         | 29.7913188934 | 1.0861655474
 53         | 29.8201255798 | 0.9364184737
 54         | 30.1566524506 | 1.7347960472
 55         | 30.6134452820 | 0.2684620917
 56         | 31.1942481995 | 0.7609172463
 57         | 31.7779598236 | 0.2033045888
 58         | 32.2157173157 | 1.2318634987
 59         | 32.6248550415 | 0.6481170654
 60         | 33.1843376160 | 0.9009362459
 61         | 34.0551300049 | 1.6930475235
 62         | 34.0947647095 | 0.2763250470
 63         | 34.2253990173 | 1.8300256729
 64         | 34.6905441284 | 1.8414366245
 65         | 35.4328079224 | 1.6255785227
 66         | 36.3081092834 | 0.1130541638
 67         | 36.3612136841 | 1.0598783493
 68         | 36.9608230591 | 0.1638256013
 69         | 37.9589729309 | 1.8722724915
 70         | 38.9082832336 | 0.9098830819
 71         | 38.9786491394 | 1.0602277517
 72         | 39.8140487671 | 1.3081592321
 73         | 40.4458160400 | 0.5463150144
 74         | 40.7158279419 | 0.0818092078
 75         | 41.3130455017 | 1.6589874029
 76         | 41.8044166565 | 0.9360145330
 77         | 42.4804344177 | 1.0620141029
 78         | 43.0866050720 | 1.6133029461
 79         | 43.5326232910 | 0.1426281035
 80         | 44.2599945068 | 0.3765648007
 81         | 45.1440963745 | 1.2053403854
 82         | 45.3889045715 | 1.8744181395
 83         | 45.5215148926 | 1.6888387203
 84         | 45.5406379700 | 0.2615154982
 85         | 46.3211936951 | 1.9368654490
 86         | 46.9068946838 | 1.7018458843
 87         | 47.4054412842 | 0.8421989083
 88         | 47.9104423523 | 0.2606256008
 89         | 48.6046981812 | 1.5500279665
 90         | 48.7759170532 | 0.5829460025
 91         | 49.3804244995 | 1.3251802921
 92         | 50.1399040222 | 0.5610503554
 93         | 50.3334999084 | 0.7313001156
 94         | 50.4206771851 | 1.2792342901
 95         | 50.8576431274 | 1.6290929317
 96         | 51.6855430603 | 0.6421348453
 97         | 52.1027603149 | 0.1454180330
 98         | 52.3610382080 | 1.0996520519
 99         | 53.2781677246 | 0.5547966361
 100        | 53.9587516785 | 1.3953679800
 101        | 54.2045822144 | 0.5325660706
 102        | 54.7531890869 | 1.4887552261
 103        | 55.4405708313 | 0.1072189510
 104        | 56.3152618408 | 0.7632789016
 105        | 57.1438865662 | 0.0918156952
 106        | 57.8169975281 | 0.8662623167
 107        | 58.5254974365 | 0.8651854992
 108        | 59.2391548157 | 1.8041903973
 109        | 60.0373992920 | 1.6016659737
 110        | 60.5791130066 | 0.4704138339
 111        | 61.1944923401 | 0.7392237782
 112        | 61.7507667542 | 0.0651923120
 113        | 62.1930885315 | 1.6291016340
 114        | 62.7755088806 | 0.7188984752
 115        | 62.8674583435 | 0.5260118842
 116        | 62.9245910645 | 0.6755603552
 117        | 63.4538803101 | 1.2114802599
 118        | 63.5360374451 | 0.4333429337
 119        | 64.1953887939 | 1.9136965275
 120        | 64.7937011719 | 0.9759461284
 121        | 64.7964553833 | 0.5428467989
 122        | 65.7175598145 | 1.4225082397
 123        | 66.4215774536 | 1.2695211172
 124        | 67.0349273682 | 1.0045179129
 125        | 67.4705200195 | 0.3101233542
 126        | 68.2079849243 | 0.1019461602
 127        | 68.7326583862 | 0.5874804258
 128        | 68.8162307739 | 1.9339889288
 129        | 68.9245223999 | 1.3319828510
 130        | 69.2509689331 | 0.4004803896
 131        | 70.1799697876 | 0.7671538591
 132        | 70.7179870605 | 0.9165726304
 133        | 71.7073059082 | 1.2403563261
 134        | 72.3822631836 | 1.2973333597
 135        | 72.9592895508 | 0.5465373993
 136        | 73.0959320068 | 1.1595650911
 137        | 73.6406250000 | 0.1154879481
 138        | 73.9316635132 | 0.4974164963
 139        | 74.6241683960 | 1.8087719679
 140        | 75.3751373291 | 0.2561962605
 141        | 75.4345855713 | 0.9768661261
 142        | 75.6136550903 | 1.1682424545
 143        | 76.3958282471 | 0.5252808928
 144        | 76.9469451904 | 1.7809286118
 145        | 77.8755798340 | 1.7551187277
 146        | 77.9662857056 | 1.7152583599
 147        | 78.2274246216 | 1.2574497461
 148        | 78.5433425903 | 0.5009067655
 149        | 78.7922439575 | 1.9817465544
 150        | 79.6913604736 | 1.6518590450
 151        | 79.9555053711 | 0.0715195462
 152        | 80.3612136841 | 1.6176682711
 153        | 80.4547195435 | 1.3934974670
 154        | 80.5122604370 | 1.5720165968
 155        | 81.1133956909 | 1.6170190573
 156        | 82.0275039673 | 1.3211647272
 157        | 82.3244476318 | 0.1863552928
 158        | 82.5691528320 | 0.1582318246
 159        | 82.9249725342 | 1.5916385651
 160        | 83.8945541382 | 0.5688998699
 161        | 84.5679321289 | 0.1205695197
 162        | 84.7100143433 | 1.8690299988
 163        | 85.3990249634 | 0.9159892201
 164        | 85.5839920044 | 1.8758254051
 165        | 86.0328598022 | 0.1681767702
 166        | 86.7966995239 | 1.4260197878
 167        | 86.9165496826 | 0.3391086161
 168        | 87.4383926392 | 0.4267038107
 169        | 88.3046951294 | 1.1587727070
 170        | 89.3040542603 | 0.9348754883
 171        | 89.6919479370 | 1.8269332647
 172        | 89.8199691772 | 1.3696770668
 173        | 89.8266143799 | 0.7454474568
 174        | 90.5905685425 | 0.7249247432
 175        | 90.7591094971 | 1.4670693874
 176        | 91.4060211182 | 1.6838433743
 177        | 92.1998443604 | 1.5779829025
 178        | 92.9762802124 | 0.9656581879
 179        | 93.2232666016 | 1.9228099585
 180        | 93.6440048218 | 1.3917078972
 181        | 93.6894989014 | 0.3691681325
 182        | 94.0983657837 | 0.3306830823
 183        | 94.4525070190 | 1.8614157438
 184        | 94.8311996460 | 0.4408828020
 185        | 95.3412933350 | 0.7561073303
 186        | 96.0291748047 | 1.7959803343
 187        | 96.3206939697 | 1.6317985058
 188        | 96.9035263062 | 0.5963291526
 189        | 97.0921478271 | 0.6935663819
 190        | 97.7527770996 | 0.7143319249
 191        | 97.8330917358 | 0.6150785685
 192        | 98.0321807861 | 1.7482746840
 193        | 98.1287078857 | 1.9510484934
 194        | 98.4856719971 | 0.6870335937
 195        | 99.4225997925 | 1.5554165840
 196        | 99.4619674683 | 1.9648452997
 197        | 100.4242630005 | 0.8964692950
 198        | 100.5720291138 | 0.6328613758
 199        | 100.9509735107 | 1.0529153347
 200        | 101.4878463745 | 1.7780736685
 201        | 102.3923568726 | 0.4495024383
 202        | 103.1793823242 | 0.3920632303
 203        | 103.2200317383 | 0.7397115231
 204        | 103.7142257690 | 0.4585468471
 205        | 104.4308624268 | 0.3096463382
 206        | 105.0173034668 | 1.5939136744
 207        | 105.4796676636 | 1.5710539818
 208        | 106.1507644653 | 1.1177862883
 209        | 106.9118194580 | 0.0561212227
 210        | 107.8142318726 | 1.3959610462
 211        | 108.6200027466 | 1.8835614920
 212        | 109.3004074097 | 1.5361224413
 213        | 109.6904220581 | 1.6563348770
 214        | 109.7749176025 | 1.5379158258
 215        | 110.1295394897 | 1.2427279949
 216        | 110.7875366211 | 0.5182727575
 217        | 111.6336517334 | 0.8900434971
 218        | 112.0888214111 | 1.7735314369
 219        | 112.9037017822 | 1.8987283707
 220        | 113.0197372437 | 1.0630328655
 221        | 113.1239242554 | 1.4049569368
 222        | 113.4524002075 | 1.1330996752
 223        | 113.9404067993 | 1.9991348982
 224        | 114.0658493042 | 0.4981135428
 225        | 114.0934753418 | 0.0557058677
 226        | 115.0405120850 | 1.6667938232
 227        | 116.0101470947 | 1.2548810244
 228        | 116.6116027832 | 0.7192980051
 229        | 117.0672073364 | 1.3719000816
 230        | 117.1958160400 | 1.6204659939
 231        | 117.5031280518 | 1.5732033253
 232        | 117.5724945068 | 0.3068585098
 233        | 117.8041152954 | 1.0490747690
 234        | 117.8443069458 | 0.0930017829
 235        | 118.3182067871 | 0.3124681413
 236        | 118.8962249756 | 1.1561779976
 237        | 119.7549362183 | 1.8129811287
 238        | 119.8995742798 | 0.6934360862
 239        | 120.8056335449 | 0.5401635766
 240        | 121.4014053345 | 1.8673721552
 241        | 121.6993408203 | 1.0856243372
 242        | 122.4664230347 | 0.5351367593
 243        | 122.6366729736 | 0.7370821834
 244        | 123.2638931274 | 1.2517212629
 245        | 123.3183822632 | 1.5116486549
 246        | 123.7544784546 | 0.7236102819
 247        | 124.2969055176 | 1.0109260082
 248        | 124.8121414185 | 1.5480988026
 249        | 124.8421401978 | 1.1108586788
 250        | 125.6626892090 | 1.0078040361
 251        | 126.3743515015 | 0.7971352339
 252        | 126.4563446045 | 1.1407519579
 253        | 126.7614059448 | 0.4532596469
 254        | 127.6784973145 | 0.4222323895
 255        | 128.1752014160 | 1.0257377625
 256        | 128.3200073242 | 1.5892926455
 257        | 128.3756866455 | 1.8237704039
 258        | 128.4378967285 | 0.4518673420
 259        | 128.7183227539 | 1.3788642883
 260        | 129.5701141357 | 0.6698348522
 261        | 130.0153656006 | 0.5757757425
 262        | 130.7120819092 | 1.9753649235
 263        | 131.5054321289 | 0.4239139557
 264        | 132.2671661377 | 1.6467025280
 265        | 133.0345458984 | 1.1645642519
 266        | 133.3618011475 | 0.9580995440
 267        | 134.3426513672 | 0.8184885979
 268        | 134.3920745850 | 0.5718158484
 269        | 135.0279541016 | 1.9330395460
 270        | 135.5249786377 | 0.2651715279
 271        | 136.0043640137 | 1.2836526632
 272        | 136.9315948486 | 1.0701392889
 273        | 137.4853057861 | 1.9788936377
 274        | 138.2463073730 | 1.6682757139
 275        | 138.9251861572 | 1.2255952358
 276        | 139.0942382812 | 0.2482708246
 277        | 139.9949188232 | 1.7315557003
 278        | 140.1067352295 | 1.3880727291
 279        | 140.1844635010 | 1.7470993996
 280        | 140.7018585205 | 1.6902424097
 281        | 141.1576843262 | 1.6892818213
 282        | 141.4818572998 | 0.8733630776
 283        | 141.7357482910 | 0.7471933961
 284        | 142.4583435059 | 1.7795187235
 285        | 142.7984619141 | 0.4392271042
 286        | 142.8208007812 | 1.6390103102
 287        | 143.6822357178 | 1.8991545439
 288        | 144.0368041992 | 0.8303029537
 289        | 144.9758300781 | 0.2311562300
 290        | 145.2251129150 | 1.2358061075
 291        | 145.9534912109 | 0.8366892338
 292        | 146.6955261230 | 1.2581223249
 293        | 146.9796447754 | 1.7077126503
 294        | 147.3027496338 | 0.7237146497
 295        | 148.0301513672 | 1.6809703112
 296        | 148.2371368408 | 0.3664756119
 297        | 148.9222564697 | 1.0622988939
 298        | 149.5421752930 | 1.8780226707
 299        | 150.4469146729 | 0.6850175858
 300        | 151.2756805420 | 0.4897252321
 301        | 151.8377990723 | 1.7022317648
 302        | 151.9021606445 | 0.8471245170
 303        | 152.7028503418 | 0.8378850818
 304        | 153.5415649414 | 1.4794343710
 305        | 154.0760803223 | 0.1760060936
 306        | 154.4337005615 | 0.5257927179
 307        | 154.9400482178 | 0.1993174106
 308        | 155.8320007324 | 1.5809402466
 309        | 156.7855224609 | 0.4301101267
 310        | 156.9378509521 | 1.3618420362
 311        | 156.9933929443 | 0.7186118960
 312        | 157.8575592041 | 1.4813326597
 313        | 158.7480163574 | 0.9681563377
 314        | 159.4276885986 | 1.5904030800
 315        | 160.2542724609 | 1.0168967247
 316        | 160.2943420410 | 0.7774186730
 317        | 160.6539001465 | 0.2088638246
 318        | 161.4661712646 | 0.3205146194
 319        | 161.9895477295 | 1.3019706011
 320        | 162.8895263672 | 0.1157902479
 321        | 163.6285095215 | 0.5151895285
 322        | 163.9492950439 | 0.4906720221
 323        | 164.3065490723 | 0.4254980683
 324        | 164.3423614502 | 0.6215369701
 325        | 164.7701721191 | 0.3762672246
 326        | 165.7618560791 | 0.9666886330
 327        | 166.3092956543 | 1.7116966248
 328        | 166.5333099365 | 0.8757898808
 329        | 166.8732299805 | 1.8073765039
 330        | 167.1063232422 | 0.3330269754
 331        | 167.5184631348 | 0.5463212729
 332        | 168.0736846924 | 1.5434015989
 333        | 168.4512786865 | 0.7349888086
 334        | 169.3832397461 | 1.8019340038
 335        | 169.4017181396 | 1.6638652086
 336        | 170.3605804443 | 1.5149360895
 337        | 170.4501037598 | 0.5593072176
 338        | 170.4529113770 | 0.8935617208
 339        | 170.9453125000 | 0.0772204697
 340        | 171.7028656006 | 1.8404134512
 341        | 171.9296112061 | 1.4984776974
 342        | 172.3331604004 | 1.5483667850
 343        | 172.9382476807 | 1.2551233768
 344        | 173.1503295898 | 1.8900274038
 345        | 173.6815795898 | 0.8903496265
 346        | 173.7931060791 | 1.8867732286
 347        | 174.5114440918 | 1.3335000277
 348        | 175.2265319824 | 0.1918559670
 349        | 175.2607727051 | 1.2940911055
 350        | 176.2576751709 | 0.1054482609
 351        | 176.7366485596 | 1.9115141630
 352        | 177.5468444824 | 1.1370110512
 353        | 177.7822570801 | 1.6259925365
 354        | 177.7975463867 | 1.4556267262
 355        | 178.6491546631 | 1.5456714630
 356        | 179.2971801758 | 0.1567007005
 357        | 179.8192596436 | 0.1031423733
 358        | 180.6717987061 | 0.2543234527
 359        | 181.3509368896 | 0.1292241812
 360        | 181.4231109619 | 0.4207657278
 361        | 181.9328918457 | 0.3674051762
 362        | 182.0866546631 | 0.4562447071
 363        | 182.9371032715 | 1.7377136946
 364        | 183.2611541748 | 1.7693940401
 365        | 183.7770538330 | 0.6418906450
 366        | 184.7144775391 | 1.9897611141
 367        | 184.9911804199 | 1.4952266216
 368        | 185.5545654297 | 1.0242263079
 369        | 186.1151733398 | 1.1573449373
 370        | 186.3551025391 | 0.8244322538
 371        | 186.7066040039 | 1.7758932114
 372        | 187.1971740723 | 1.7471654415
 373        | 188.1366882324 | 0.6862004399
 374        | 188.1374359131 | 1.2373013496
 375        | 188.5451507568 | 0.1458397210
 376        | 189.3741912842 | 1.8349983692
 377        | 189.6308135986 | 1.9656059742
 378        | 189.7764282227 | 0.2141501009
 379        | 190.6280822754 | 0.9393437505
 380        | 191.6198577881 | 0.7351244688
 381        | 192.4104766846 | 1.8583863974
 382        | 192.7729187012 | 0.1346392483
 383        | 193.4497222900 | 1.8516577482
 384        | 194.0291595459 | 0.4748323262
 385        | 194.5336608887 | 1.6387184858
 386        | 195.1832885742 | 1.7120189667
 387        | 195.8905944824 | 0.2803975046
 388        | 196.6201934814 | 1.2936474085
 389        | 197.1034851074 | 1.4606733322
 390        | 197.3689575195 | 1.7820225954
 391        | 198.1722106934 | 0.1890159249
 392        | 198.9807281494 | 0.1197579131
 393        | 199.0580444336 | 1.9082640409
 394        | 199.2249908447 | 1.8579417467
 395        | 199.6487884521 | 0.3174521327
 396        | 199.9453277588 | 0.4288422763
 397        | 200.0332489014 | 1.3179517984
 398        | 200.3149871826 | 1.5294517279
 399        | 200.8997955322 | 1.7223470211
 400        | 200.9019317627 | 0.1786120534
 401        | 201.5824584961 | 1.3035485744
 402        | 202.5277709961 | 0.7756773233
 403        | 203.3197479248 | 1.3498153687
 404        | 203.3544158936 | 0.5505440235
 405        | 203.7596588135 | 0.6002735496
 406        | 203.9259490967 | 0.4170017242
 407        | 204.3205871582 | 1.9495875835
 408        | 204.5889739990 | 0.9439114332
 409        | 205.5178985596 | 0.8706676364
 410        | 205.9188232422 | 0.7054594755
 411        | 206.5128784180 | 1.3949192762
 412        | 207.0800323486 | 1.3639583588
 413        | 207.4364624023 | 1.6977832317
 414        | 207.8831634521 | 1.8824805021
 415        | 208.5932312012 | 0.8976940513
 416        | 208.6237792969 | 0.7811958790
 417        | 208.7243957520 | 1.9517235756
 418        | 209.5028381348 | 1.7851886749
 419        | 210.1536102295 | 1.6261979342
 420        | 210.3214721680 | 0.1120276675
 421        | 210.4347076416 | 0.6682993174
 422        | 210.6992187500 | 1.0157608986
 423        | 211.0081634521 | 1.0657889843
 424        | 211.9880065918 | 0.4757384658
 425        | 212.9562377930 | 0.7615254521
 426        | 213.5468292236 | 1.1245764494
 427        | 213.6250457764 | 0.3154996932
 428        | 213.8693084717 | 0.8693158031
 429        | 213.8759460449 | 1.3819447756
 430        | 214.2518463135 | 1.4334132671
 431        | 214.3916625977 | 0.8128888607
 432        | 214.4989624023 | 0.4808814526
 433        | 214.8812713623 | 1.7714823484
 434        | 215.0143127441 | 0.0661513805
 435        | 215.7131500244 | 0.6018028855
 436        | 215.8022460938 | 1.6241517067
 437        | 216.4373016357 | 0.7072084546
 438        | 216.7572631836 | 1.8879890442
 439        | 217.6437683105 | 0.5995850563
 440        | 217.8256378174 | 1.7094540596
 441        | 218.5061950684 | 1.5449253321
 442        | 218.9232177734 | 1.5175553560
 443        | 219.8534240723 | 1.3225653172
 444        | 220.0468597412 | 1.8737080097
 445        | 220.3991088867 | 1.1386674643
 446        | 221.0526733398 | 0.9841490388
 447        | 222.0284576416 | 1.5217303038
 448        | 222.7609710693 | 0.7161687016
 449        | 223.4075775146 | 1.7311006784
 450        | 223.7987365723 | 0.6908928156
 451        | 223.9651947021 | 0.9604991674
 452        | 224.1227111816 | 1.6030056477
 453        | 224.9565582275 | 0.9549572468
 454        | 225.7020568848 | 1.4407050610
 455        | 226.4793243408 | 1.8547220230
 456        | 227.0543975830 | 0.9156528711
 457        | 227.7542266846 | 1.9841896296
 458        | 227.9708251953 | 1.2600724697
 459        | 228.6242065430 | 0.8200793266
 460        | 229.1911010742 | 0.0112651382
 461        | 230.1704711914 | 0.4409017265
 462        | 230.6681823730 | 1.9103031158
 463        | 231.6495056152 | 0.4604446292
 464        | 231.9627380371 | 1.2558445930
 465        | 232.0585174561 | 1.4087918997
 466        | 233.0318908691 | 0.5244487524
 467        | 233.2165374756 | 0.2617820203
 468        | 233.2802581787 | 0.0369985886
 469        | 233.8886260986 | 1.6184489727
 470        | 234.6274719238 | 0.7712816596
 471        | 235.3640594482 | 0.6278626919
 472        | 236.2075195312 | 0.8728185892
 473        | 236.5135498047 | 0.1201426983
 474        | 236.5800018311 | 1.9188072681
 475        | 237.0501098633 | 1.2666716576
 476        | 238.0151519775 | 0.8989687562
 477        | 238.8689422607 | 0.9254866242
 478        | 239.2735748291 | 1.6702053547
 479        | 239.9665374756 | 1.4357435703
 480        | 240.4295654297 | 1.5774765015
 481        | 240.8518371582 | 0.8727874160
 482        | 240.9028015137 | 1.2138265371
 483        | 241.4700927734 | 0.2293796539
 484        | 242.0955047607 | 0.3513087332
 485        | 243.0194244385 | 0.7285286784
 486        | 243.5807189941 | 1.3209997416
 487        | 244.2589111328 | 0.8095248938
 488        | 244.3558197021 | 1.9684437513
 489        | 244.8206481934 | 0.3267094195
 490        | 245.7642669678 | 1.8698896170
 491        | 246.5609588623 | 1.8173235655
 492        | 246.9453887939 | 1.3009543419
 493        | 247.3167877197 | 1.5781301260
 494        | 247.8023681641 | 0.1287414134
 495        | 248.3093109131 | 1.8972097635
 496        | 249.1624145508 | 1.8584092855
 497        | 249.5474090576 | 1.8081432581
 498        | 250.0835266113 | 1.9045665264
 499        | 250.1022949219 | 0.3230609000
 500        | 250.2302398682 | 1.8853515387
 501        | 250.7560272217 | 1.3784656525
 502        | 251.3592071533 | 0.4079810083
 503        | 251.4532012939 | 1.4001696110
 504        | 251.6414184570 | 1.1176581383
 505        | 252.5048522949 | 0.2636758387
 506        | 252.9986267090 | 1.3202600479
 507        | 253.0391235352 | 1.7564060688
 508        | 253.3497314453 | 0.8238095641
 509        | 254.0169982910 | 1.5923742056
 510        | 254.4932708740 | 0.3484100103
 511        | 255.2380676270 | 0.6587688923
 512        | 255.3414764404 | 0.2595810890
 513        | 255.5749359131 | 1.2790551186
 514        | 255.6570129395 | 0.5044350028
 515        | 256.4580688477 | 0.4200229645
 516        | 256.6529541016 | 0.6537055969
 517        | 257.5521850586 | 1.5961377621
 518        | 258.0830383301 | 1.9864791632
 519        | 258.5812072754 | 1.4381114244
 520        | 259.1332702637 | 0.7231864929
 521        | 259.9841613770 | 0.0916849673
 522        | 260.0058898926 | 1.7827866077
 523        | 260.9299316406 | 0.6646610498
 524        | 261.2332153320 | 1.1826272011
 525        | 261.3617248535 | 1.5591472387
 526        | 262.1272583008 | 1.7466192245
 527        | 262.2362060547 | 1.7378565073
 528        | 262.2393188477 | 0.6848282218
 529        | 262.7477722168 | 0.1703479141
 530        | 263.3424072266 | 0.6190276742
 531        | 263.6376037598 | 1.5790497065
 532        | 264.2739562988 | 0.3888595104
 533        | 264.8615417480 | 0.3344199061
 534        | 265.0492248535 | 0.1714949608
 535        | 265.9354858398 | 1.4794759750
 536        | 266.3828125000 | 1.4743186235
 537        | 267.1683959961 | 0.9381280541
 538        | 267.7969360352 | 1.4192519188
 539        | 268.5983276367 | 1.8637014627
 540        | 268.8992614746 | 1.8598244190
 541        | 269.6106872559 | 0.1329164058
 542        | 270.4139099121 | 1.6407647133
 543        | 271.3493041992 | 1.6126438379
 544        | 271.5121154785 | 0.8876846433
 545        | 272.4036254883 | 1.5148561001
 546        | 273.1569824219 | 0.3733626306
 547        | 273.7039489746 | 0.7794455290
 548        | 274.0850524902 | 0.2690933049
 549        | 274.6419982910 | 1.1375608444
 550        | 274.8623046875 | 0.8863967657
 551        | 275.1708374023 | 1.3352698088
 552        | 275.3511962891 | 0.1881976873
 553        | 275.4878845215 | 1.6178206205
 554        | 276.2915954590 | 1.8761869669
 555        | 277.0323486328 | 0.2093288004
 556        | 277.9003601074 | 0.9043706059
 557        | 278.0714721680 | 1.3424549103
 558        | 278.3440246582 | 0.2130181789
 559        | 278.8215637207 | 0.8707281947
 560        | 279.3719177246 | 0.7380905151
 561        | 279.5646972656 | 0.6074150801
 562        | 280.1204223633 | 1.4794901609
 563        | 280.8138427734 | 1.8736752272
 564        | 281.6881408691 | 0.5007261038
 565        | 282.1937561035 | 0.1891717017
 566        | 282.8873291016 | 1.6282728910
 567        | 283.6495361328 | 1.7478382587
 568        | 284.5577697754 | 1.7978392839
 569        | 285.2406005859 | 1.4239201546
 570        | 286.0776062012 | 0.8471807837
 571        | 286.8942260742 | 1.4100375175
 572        | 287.7699890137 | 1.9754941463
 573        | 288.1462402344 | 0.2966867089
 574        | 288.2405090332 | 1.7075911760
 575        | 288.8242187500 | 1.2892150879
 576        | 289.0470581055 | 1.5529992580
 577        | 289.9953613281 | 1.5571347475
 578        | 290.5115966797 | 1.2834907770
 579        | 291.2269897461 | 0.7810727358
 580        | 292.1191101074 | 0.4420460761
 581        | 292.6042175293 | 1.1713397503
 582        | 292.6393737793 | 0.4946858883
 583        | 293.0989685059 | 1.8867894411
 584        | 293.2452392578 | 0.2848367691
 585        | 293.9006042480 | 1.9665514231
 586        | 294.4666137695 | 0.9439585805
 587        | 295.1549072266 | 0.8835689425
 588        | 295.6146240234 | 0.1290813088
 589        | 296.2047424316 | 1.1079651117
 590        | 297.1230773926 | 0.3476705551
 591        | 297.3216552734 | 0.2823540866
 592        | 298.2720031738 | 0.2938104272
 593        | 299.1917419434 | 0.9331591129
 594        | 299.9804077148 | 1.2702988386
 595        | 300.8375244141 | 1.3615181446
 596        | 301.6936950684 | 0.6844763756
 597        | 301.9601135254 | 1.7826638222
 598        | 302.5496826172 | 1.4520359039
 599        | 303.3843994141 | 1.4716874361
 600        | 304.2528381348 | 0.9801629782
 601        | 304.9719543457 | 0.8688901663
 602        | 305.9340209961 | 0.8148276806
 603        | 306.8102416992 | 0.8435742855
 604        | 307.2821960449 | 0.9327147007
 605        | 308.2579650879 | 0.7805814147
 606        | 308.8981628418 | 0.3487195969
 607        | 309.4296264648 | 1.1810550690
 608        | 309.7508850098 | 0.9024243355
 609        | 309.8079833984 | 0.2198312581
 610        | 309.8943481445 | 1.8284460306
 611        | 310.6850280762 | 1.8850681782
 612        | 310.9414978027 | 0.1142072976
 613        | 311.7753601074 | 1.6920846701
 614        | 312.5584716797 | 1.3371852636
 615        | 313.1403503418 | 1.3031158447
 616        | 313.2990112305 | 0.6020109057
 617        | 313.3850097656 | 0.2414698005
 618        | 314.0934143066 | 1.9244650602
 619        | 314.6359252930 | 0.3607475758
 620        | 315.0645141602 | 1.0365834236
 621        | 315.6351928711 | 0.1375650764
 622        | 316.3278503418 | 0.2042645216
 623        | 316.9871520996 | 0.0278330892
 624        | 317.5404968262 | 1.4328342676
 625        | 317.6643371582 | 1.2794120312
 626        | 318.2949829102 | 1.8290137053
 627        | 318.8772277832 | 1.7742028236
 628        | 319.8488464355 | 0.8322121501
 629        | 320.5820007324 | 1.5094641447
 630        | 320.6666870117 | 0.6300595999
 631        | 321.0729675293 | 0.4867457151
 632        | 321.6889953613 | 0.9845860004
 633        | 322.0531005859 | 0.6489090919
 634        | 322.5076293945 | 1.8132596016
 635        | 323.0124511719 | 1.7662308216
 636        | 323.4373779297 | 0.1509856880
 637        | 324.3892822266 | 0.2351461351
 638        | 324.5668945312 | 1.2224160433
 639        | 324.6983947754 | 1.4619390965
 640        | 325.0260314941 | 0.5106436014
 641        | 325.3966979980 | 1.9165307283
 642        | 325.5665283203 | 1.9058313370
 643        | 326.4118957520 | 0.2828783393
 644        | 326.7809143066 | 1.1570210457
 645        | 327.6770935059 | 0.9074409604
 646        | 328.5706481934 | 0.6049225330
 647        | 329.2677307129 | 1.0191512108
 648        | 330.0625000000 | 0.1224021763
 649        | 330.8965454102 | 0.4985595942
 650        | 331.8643798828 | 0.6777169704
 651        | 331.9967651367 | 0.7855048180
 652        | 332.4111022949 | 0.1685864031
 653        | 332.9214172363 | 1.1839529276
 654        | 333.6169128418 | 1.2836302519
 655        | 333.9398498535 | 0.0462528467
 656        | 334.8369750977 | 1.3872431517
 657        | 335.8183593750 | 0.1339311004
 658        | 336.4649047852 | 1.6535172462
 659        | 336.6733093262 | 0.0311178863
 660        | 337.0785827637 | 0.2091519684
 661        | 337.5478515625 | 0.5976189375
 662        | 337.9548950195 | 0.3327454925
 663        | 338.7632751465 | 0.4035830498
 664        | 338.9908447266 | 1.2848304510
 665        | 339.4419250488 | 0.3908094466
 666        | 340.4231872559 | 1.1669331789
 667        | 341.0113525391 | 0.7912500501
 668        | 341.6791076660 | 0.1969652772
 669        | 342.6667175293 | 0.7265220284
 670        | 343.4070129395 | 0.6210948825
 671        | 343.7933959961 | 1.2748693228
 672        | 343.7975769043 | 0.7355584502
 673        | 344.5019836426 | 1.3014123440
 674        | 344.6965332031 | 1.8256098032
 675        | 345.3627929688 | 1.1996139288
 676        | 345.3801879883 | 0.2710891068
 677        | 346.2788085938 | 0.8488363028
 678        | 346.5807189941 | 1.4140030146
 679        | 347.2069396973 | 1.0589822531
 680        | 347.5563659668 | 0.1545620263
 681        | 348.2812500000 | 0.6613808870
 682        | 348.9419860840 | 0.6261060238
 683        | 349.6683044434 | 0.6570147276
 684        | 350.0798339844 | 1.4278339148
 685        | 350.7716064453 | 0.3036667705
 686        | 350.7960815430 | 0.1563115865
 687        | 351.5853576660 | 0.0572667532
 688        | 352.0312805176 | 0.9873364568
 689        | 352.7106323242 | 1.2809457779
 690        | 353.1170959473 | 0.6912094355
 691        | 353.3573608398 | 0.8477080464
 692        | 353.8385009766 | 0.2777925730
 693        | 354.6867675781 | 1.5661331415
 694        | 355.5326538086 | 0.9489637017
 695        | 355.8452148438 | 0.3906290829
 696        | 356.3969726562 | 0.0749070719
 697        | 356.9229736328 | 0.4250209033
 698        | 357.2734680176 | 0.5046409369
 699        | 357.8144836426 | 1.5240843296
 700        | 358.7807312012 | 0.4655723274
 701        | 359.6946105957 | 1.9814035892
 702        | 360.0055541992 | 1.4062871933
 703        | 360.0249023438 | 1.5137540102
 704        | 360.2217102051 | 1.3973494768
 705        | 360.6190490723 | 1.2065699100
 706        | 360.6633300781 | 1.2752593756
 707        | 360.6904602051 | 1.0508574247
 708        | 361.4669799805 | 1.7508223057
 709        | 361.7754821777 | 1.2448475361
 710        | 362.1253662109 | 1.2421059608
 711        | 362.9431152344 | 1.8033117056
 712        | 363.6016235352 | 0.6874865890
 713        | 363.7157897949 | 0.0180260632
 714        | 364.3118591309 | 1.3103681803
 715        | 365.0829162598 | 1.1246023178
 716        | 365.9708862305 | 1.3698614836
 717        | 366.5238952637 | 0.3978244960
 718        | 366.9119567871 | 1.1446763277
 719        | 367.8677368164 | 1.1697722673
 720        | 368.1387634277 | 0.7062782049
 721        | 368.3269348145 | 0.6305847168
 722        | 369.3177185059 | 0.4306200147
 723        | 370.1584472656 | 1.5345896482
 724        | 370.2491760254 | 0.2984326780
 725        | 370.6388854980 | 0.8812282681
 726        | 371.4091491699 | 0.4149138033
 727        | 371.7514343262 | 0.8575515747
 728        | 372.3026428223 | 0.9128725529
 729        | 372.7404174805 | 0.2945279777
 730        | 372.8520507812 | 0.4176880717
 731        | 373.5616149902 | 1.9991813898
 732        | 374.4553833008 | 0.5251362920
 733        | 374.6539001465 | 0.5636982322
 734        | 375.4888000488 | 0.3085843921
 735        | 376.3555297852 | 0.2118383795
 736        | 376.8629760742 | 0.1098126695
 737        | 377.2841796875 | 0.9964002371
 738        | 377.5543823242 | 0.5238652229
 739        | 377.8198852539 | 0.7218749523
 740        | 378.2310485840 | 1.3104270697
 741        | 379.0325927734 | 0.3628364801
 742        | 379.8952636719 | 0.2876431644
 743        | 380.5054626465 | 0.8277412057
 744        | 381.1057128906 | 0.0959657356
 745        | 381.6668395996 | 1.4237565994
 746        | 381.9236755371 | 0.5413995385
 747        | 382.6351318359 | 0.3012033701
 748        | 383.1683959961 | 1.8199437857
 749        | 383.6008605957 | 0.7363483906
 750        | 383.6651306152 | 0.5983721614
 751        | 384.1392211914 | 1.1433907747
 752        | 384.4933166504 | 1.7906098366
 753        | 384.5632019043 | 1.2486175299
 754        | 384.7204284668 | 0.6707809567
 755        | 385.7056884766 | 1.1367728710
 756        | 386.6962890625 | 1.5735957623
 757        | 387.4461059570 | 1.7065488100
 758        | 388.3767395020 | 0.7199974656
 759        | 388.6438903809 | 1.0617547035
 760        | 389.0518798828 | 1.6565592289
 761        | 389.2946472168 | 1.3296170235
 762        | 389.3936157227 | 1.9084491730
 763        | 390.2090148926 | 1.2644945383
 764        | 391.0732116699 | 0.4957220256
 765        | 391.0736389160 | 1.8569211960
 766        | 391.6206970215 | 0.9490298033
 767        | 392.1208496094 | 1.8022789955
 768        | 392.4906616211 | 1.1401031017
 769        | 393.0161132812 | 1.0541146994
 770        | 393.9215698242 | 1.0213891268
 771        | 394.0170288086 | 1.7920919657
 772        | 394.3145141602 | 1.6904970407
 773        | 395.0638427734 | 0.4562237859
 774        | 395.2691040039 | 0.0329307429
 775        | 396.0281066895 | 1.2264577150
 776        | 396.8728637695 | 0.0034896713
 777        | 397.1509094238 | 1.8874486685
 778        | 398.1068725586 | 0.1868950874
 779        | 398.6828308105 | 1.6403317451
 780        | 399.0241394043 | 1.1527862549
 781        | 399.7727661133 | 1.7767113447
 782        | 399.8236694336 | 0.4975649416
 783        | 400.6131591797 | 0.8414556384
 784        | 401.4320068359 | 0.6298869848
 785        | 402.3797912598 | 1.4485520124
 786        | 403.2054443359 | 0.0864579380
 787        | 403.8257751465 | 0.2462609708
 788        | 404.7142639160 | 0.7392847538
 789        | 405.0655212402 | 0.1874494255
 790        | 405.4516296387 | 0.2204632163
 791        | 406.1585693359 | 0.4617054462
 792        | 406.2705383301 | 1.9699817896
 793        | 406.4451293945 | 0.1358917058
 794        | 406.5235595703 | 1.5010974407
 795        | 407.4116821289 | 0.8394939899
 796        | 407.7386169434 | 1.2734764814
 797        | 408.0467224121 | 0.7556996346
 798        | 408.9322509766 | 0.1951956749
 799        | 409.7308349609 | 1.4087094069
 800        | 410.1433715820 | 1.4927256107
 801        | 410.5719909668 | 0.4763587415
 802        | 411.3615722656 | 0.0979055166
 803        | 411.7228698730 | 1.3561384678
 804        | 412.1414794922 | 1.4251044989
 805        | 412.9132690430 | 1.6094057560
 806        | 413.7360534668 | 0.9574950337
 807        | 413.7716064453 | 1.8695205450
 808        | 414.2353515625 | 0.4202653766
 809        | 414.2380676270 | 1.0843536854
 810        | 415.1987609863 | 1.7816357613
 811        | 416.1606750488 | 0.5752463937
 812        | 416.6882324219 | 0.5400530100
 813        | 417.3536987305 | 0.8261535764
 814        | 417.7213134766 | 0.9281013012
 815        | 417.8387451172 | 1.5603313446
 816        | 418.0491638184 | 1.0921245813
 817        | 418.0675048828 | 0.0000104802
 818        | 418.6625061035 | 0.7593097687
 819        | 419.3405761719 | 0.0272203200
 820        | 419.4327697754 | 0.8997368813
 821        | 420.2510681152 | 1.8299819231
 822        | 421.1796875000 | 1.7077373266
 823        | 422.0294494629 | 0.7847087383
 824        | 422.0934448242 | 1.7049146891
 825        | 423.0279846191 | 0.0493654832
 826        | 423.7712707520 | 1.7929102182
 827        | 424.0835876465 | 0.5416625738
 828        | 424.2500610352 | 1.9555579424
 829        | 424.9339599609 | 1.0682119131
 830        | 425.3757934570 | 1.6026792526
 831        | 425.6900634766 | 1.3044861555
 832        | 426.0374755859 | 0.6652333736
 833        | 426.6897277832 | 1.8848338127
 834        | 427.4020080566 | 0.6606456041
 835        | 428.3580322266 | 1.6089574099
 836        | 429.1382141113 | 1.5486801863
 837        | 429.8576965332 | 1.4176144600
 838        | 430.4859008789 | 1.1384416819
 839        | 430.5870666504 | 1.3844202757
 840        | 431.0087585449 | 0.0713856965
 841        | 431.7256469727 | 0.3299067914
 842        | 432.6578063965 | 0.0583976358
 843        | 433.0935974121 | 0.1972591579
 844        | 433.1005859375 | 0.2393856049
 845        | 433.7333068848 | 0.8976147771
 846        | 434.6543273926 | 1.8940144777
 847        | 434.7553710938 | 0.5368685722
 848        | 435.0350036621 | 1.5065976381
 849        | 435.2458496094 | 1.9837909937
 850        | 435.3294677734 | 0.3337565064
 851        | 436.1258544922 | 1.7276257277
 852        | 437.0670776367 | 1.0316876173
 853        | 437.6397094727 | 1.1388542652
 854        | 437.7247619629 | 1.3475633860
 855        | 437.9863891602 | 1.0134856701
 856        | 438.6958618164 | 1.9570603371
 857        | 439.3675537109 | 1.2832449675
 858        | 439.3752746582 | 0.2149619162
 859        | 440.1155395508 | 0.0294135287
 860        | 440.3427124023 | 0.7459753156
 861        | 440.8062133789 | 0.2964123487
 862        | 441.1262207031 | 1.1291292906
 863        | 441.5428466797 | 1.1992374659
 864        | 441.8607177734 | 1.2549833059
 865        | 442.4522399902 | 0.8029701114
 866        | 443.2466125488 | 0.7757768035
 867        | 443.5119018555 | 1.4711766243
 868        | 444.4156188965 | 1.6758360863
 869        | 444.7206420898 | 1.9775937796
 870        | 445.2323303223 | 1.1333054304
 871        | 445.7278747559 | 0.4423485100
 872        | 446.2730712891 | 0.3344719708
 873        | 447.1358642578 | 1.1058237553
 874        | 447.4105834961 | 1.2060977221
 875        | 447.9782104492 | 1.0037814379
 876        | 448.9542541504 | 0.0622656420
 877        | 449.6043395996 | 0.5920627117
 878        | 450.2000427246 | 0.1334747374
 879        | 451.0957031250 | 1.8271218538
 880        | 451.7899169922 | 0.9743286967
 881        | 452.1049499512 | 0.9771979451
 882        | 452.9800109863 | 1.1606878042
 883        | 453.2041931152 | 1.5575698614
 884        | 453.6224670410 | 1.0584055185
 885        | 454.3900451660 | 1.8599232435
 886        | 454.4859008789 | 0.5262431502
 887        | 454.6370239258 | 1.2820768356
 888        | 455.0673828125 | 0.0278652757
 889        | 455.2613220215 | 1.4101489782
 890        | 455.8782958984 | 1.5231379271
 891        | 456.0852661133 | 1.1860359907
 892        | 456.8779602051 | 1.7141242027
 893        | 457.7669982910 | 0.7767984867
 894        | 458.6907958984 | 1.5693988800
 895        | 458.9927673340 | 1.2360570431
 896        | 459.2646179199 | 1.2340121269
 897        | 459.3712463379 | 0.2938330472
 898        | 459.5686035156 | 0.6616295576
 899        | 460.4942932129 | 1.2312237024
 900        | 461.3543090820 | 1.3865666389
 901        | 461.8998718262 | 1.9117460251
 902        | 462.8562622070 | 1.3934186697
 903        | 463.4531860352 | 0.7735248804
 904        | 464.1638183594 | 1.5817233324
 905        | 464.2556457520 | 0.6552469134
 906        | 464.8080749512 | 0.5976042747
 907        | 465.7287292480 | 0.6902647614
 908        | 465.8845825195 | 1.6193815470
 909        | 466.6181030273 | 0.1593274027
 910        | 467.2124938965 | 0.0709835067
 911        | 467.9101867676 | 1.7325079441
 912        | 468.5626831055 | 1.6086393595
 913        | 468.5758666992 | 1.6996955872
 914        | 468.7109985352 | 1.8777439594
 915        | 469.1764526367 | 1.9903039932
 916        | 469.8085937500 | 0.0220662132
 917        | 470.7596130371 | 1.1771204472
 918        | 471.4673461914 | 1.0958727598
 919        | 472.4426574707 | 0.8367688656
 920        | 472.7814636230 | 0.1343191415
 921        | 473.5274658203 | 1.7824573517
 922        | 473.8934326172 | 1.3332986832
 923        | 474.1297912598 | 1.0436519384
 924        | 474.6061401367 | 1.9397853613
 925        | 475.2076416016 | 0.1414606720
 926        | 475.2130126953 | 0.5983637571
 927        | 476.1499938965 | 1.3157645464
 928        | 476.2535095215 | 1.9003096819
 929        | 476.7612304688 | 0.4772720933
 930        | 477.6502685547 | 1.9463793039
 931        | 477.8840637207 | 1.0423643589
 932        | 478.8682861328 | 0.3696260154
 933        | 478.9780273438 | 1.3839304447
 934        | 479.7107849121 | 0.1701299995
 935        | 479.8211364746 | 0.1430947632
 936        | 479.9733581543 | 1.7127151489
 937        | 480.9361267090 | 1.0363725424
 938        | 481.4591369629 | 0.3982741535
 939        | 481.4991455078 | 1.9986940622
 940        | 481.6681823730 | 1.2830038071
 941        | 481.7382507324 | 0.3488283157
 942        | 482.6789245605 | 0.0141233634
 943        | 483.5112304688 | 0.0883706510
 944        | 484.4684448242 | 0.6800528765
 945        | 484.7512512207 | 1.6924867630
 946        | 485.0644531250 | 1.0332187414
 947        | 485.4318847656 | 0.5948778391
 948        | 486.1333007812 | 0.9543358684
 949        | 487.1227111816 | 0.8683435321
 950        | 487.6849365234 | 0.1995076239
 951        | 488.1906433105 | 1.4289150238
 952        | 489.1467590332 | 0.9369903207
 953        | 489.3793945312 | 0.9582365155
 954        | 490.0470275879 | 0.5453120470
 955        | 490.5254821777 | 1.6733239889
 956        | 491.4396362305 | 1.0970852375
 957        | 491.4507141113 | 1.7096832991
 958        | 492.0063171387 | 1.6867451668
 959        | 492.9053344727 | 1.0256416798
 960        | 493.0887451172 | 0.3636967540
 961        | 493.4478149414 | 0.9932302833
 962        | 494.1462707520 | 1.4529795647
 963        | 494.9403381348 | 0.7997603416
 964        | 495.1439819336 | 1.5669164658
 965        | 495.9780273438 | 1.5317811966
 966        | 496.8612365723 | 0.6795421243
 967        | 497.3415832520 | 1.6786466837
 968        | 498.1498413086 | 1.4259837866
 969        | 498.4682922363 | 0.9517969489
 970        | 499.4539489746 | 1.5938137770
 971        | 499.7665100098 | 1.7996116877
 972        | 500.1119689941 | 0.6472731829
 973        | 500.8666076660 | 1.8021074533
 974        | 501.0336303711 | 1.3073489666
 975        | 501.4475097656 | 0.7008163333
 976        | 502.2830200195 | 1.5458775759
 977        | 503.1300354004 | 1.0679613352
 978        | 503.6294555664 | 1.2821546793
 979        | 504.5633239746 | 1.4061723948
 980        | 504.9878540039 | 1.5358254910
 981        | 505.4568176270 | 0.6154951453
 982        | 505.5645141602 | 1.8986498117
 983        | 505.7115783691 | 1.8319000006
 984        | 506.3739013672 | 0.9310250878
 985        | 506.7657470703 | 1.2959293127
 986        | 507.0281677246 | 1.4088177681
 987        | 507.5759277344 | 1.2157378197
 988        | 507.6039733887 | 0.6048359871
 989        | 508.1128845215 | 0.3901093006
 990        | 509.0689697266 | 1.8455944061
 991        | 509.6144409180 | 1.5832307339
 992        | 510.3101806641 | 0.7849721909
 993        | 510.6357727051 | 0.3903289437
 994        | 510.6693420410 | 0.5189136267
 995        | 511.5675964355 | 0.9161980152
 996        | 511.5949707031 | 0.7344549298
 997        | 512.3608398438 | 0.2701066136
 998        | 512.6773681641 | 1.8258349895
 999        | 512.7283935547 | 1.9577381611
 1000       | 513.1068115234 | 0.8857034445

Actual average arrival rate: 0.513107/s
Actual average service time: 1.034084s
