      | server 1 rates | server 2 rates
 year | (failure rate, | (failure rate,
      |  restore time) |  restore time
----------------------------------------------
 0    | (1    ,10    ) | (16   ,160   ) 
 1    | (9    ,90    ) | (7    ,70    ) 
 2    | (5    ,50    ) | (7    ,70    ) 
 3    | (10   ,100   ) | (12   ,120   ) 
 4    | (15   ,150   ) | (1    ,10    ) 
 5    | (14   ,140   ) | (13   ,130   ) 
 6    | (14   ,140   ) | (7    ,70    ) 
 7    | (5    ,50    ) | (4    ,40    ) 
 8    | (6    ,60    ) | (0    ,0     ) 
 9    | (16   ,160   ) | (10   ,100   ) 
 10   | (17   ,170   ) | (8    ,80    ) 
 11   | (15   ,150   ) | (15   ,150   ) 
 12   | (8    ,80    ) | (8    ,80    ) 
 13   | (8    ,80    ) | (13   ,130   ) 
 14   | (1    ,10    ) | (1    ,10    ) 
 15   | (5    ,50    ) | (0    ,0     ) 
 16   | (0    ,0     ) | (12   ,120   ) 
 17   | (5    ,50    ) | (3    ,30    ) 
 18   | (1    ,10    ) | (16   ,160   ) 
 19   | (13   ,130   ) | (16   ,160   ) 
