100 random integers between 0 and 99

16
58
74
69
5
47
86
40
46
53
9
17
36
40
94
85
50
76
8
22
72
8
67
54
40
59
53
71
2
95
73
18
53
49
86
56
96
73
94
41
25
5
59
59
43
52
46
91
30
54
14
1
61
80
53
2
40
5
71
40
0
46
58
51
93
43
8
88
15
1
31
40
4
88
1
47
41
47
40
69
0
52
68
59
31
21
62
71
24
32
10
24
76
67
75
70
11
81
60
27

100 random numbers between 0.25 and 0.5

0.328566
0.310079
0.413660
0.385771
0.257202
0.367052
0.334132
0.466850
0.364198
0.283558
0.395201
0.345115
0.395928
0.275413
0.359439
0.403983
0.352285
0.331015
0.389871
0.362617
0.467698
0.461631
0.259909
0.284541
0.282659
0.478753
0.366286
0.480180
0.435566
0.453197
0.468825
0.264132
0.263276
0.382485
0.399902
0.270478
0.499537
0.484034
0.487328
0.363735
0.267592
0.382528
0.458850
0.413520
0.407942
0.318289
0.317503
0.260226
0.399304
0.457373
0.372843
0.367002
0.419004
0.382752
0.401542
0.451663
0.361505
0.267829
0.431842
0.297071
0.471026
0.400668
0.311202
0.484302
0.283152
0.461105
0.254780
0.282689
0.445139
0.492108
0.396425
0.462731
0.374637
0.355275
0.376251
0.282578
0.423564
0.443753
0.292804
0.322868
0.401127
0.415648
0.439870
0.320131
0.298399
0.341413
0.271794
0.409904
0.359241
0.453637
0.456975
0.330267
0.354304
0.268177
0.314569
0.387457
0.479282
0.319350
0.420146
0.424421

100 random numbers according to special distribution

3.266283
3.744378
3.053609
3.381639
1
2
3.433131
1
1
3.902095
3.800833
1
3.615380
1
2
1
1
1
1
3.091949
3.057133
1
3.605740
3.216671
3.956848
1
1
1
1
1
1
1
1
1
1
1
3.737466
1
3.293740
2
1
1
2
1
2
1
1
2
1
2
1
1
3.577026
1
1
1
2
1
2
3.692504
3.750967
3.059448
3.179071
3.782173
2
1
2
1
2
1
3.261136
3.315916
3.248903
3.899120
1
1
1
3.808834
1
1
3.786008
1
2
2
1
2
3.244704
1
2
1
3.284450
3.060285
1
3.689010
2
3.937913
1
1
1
3.119848
